VARIABLES=x,y,z,n,rho,u,v,w,t,p
 ZONE f=point, i=  301
  0.15650000000000000        0.0000000000000000        4.9999999999999992E-003   0.0000000000000000        2.5574694330792246E-002   0.0000000000000000        0.0000000000000000        0.0000000000000000        97.500000000000000        715.77488652930788     
  0.15649999999999994        5.0000000000042169E-007   4.9999999999999984E-003   5.0000000000042169E-007   2.5526394476750300E-002  0.64207495737148756       -7.0603135652795517E-005   3.1969073352185573E-017   97.684484955709920        715.77488652511340     
  0.15649999999999994        1.5005216722482443E-006   4.9999999999999975E-003   1.5005216722482443E-006   2.5431027970049529E-002   1.9219132508771788       -1.8640382228561635E-005   1.2868620049058604E-016   98.051014991179315        715.77643876021250     
  0.15649999999999994        2.5026089055234329E-006   4.9999999999999992E-003   2.5026089055234329E-006   2.5336834680799041E-002   3.1988366125477294        7.7622750676140206E-006   1.6651214828810614E-016   98.415515315598640        715.77630581026335     
  0.15649999999999989        3.5073072220108090E-006   4.9999999999999984E-003   3.5073072220108090E-006   2.5243756408224148E-002   4.4742225804379876        2.4628745275315974E-005   1.7367839180159702E-016   98.778385406166493        715.77626505281637     
  0.15649999999999994        4.5156648681712784E-006   4.9999999999999984E-003   4.5156648681712784E-006   2.5151676269479943E-002   5.7494310927606795        4.1751737187337440E-005   1.9062307728551433E-016   99.140014604895356        715.77628029613618     
  0.15649999999999994        5.5287339084227659E-006   4.9999999999999992E-003   5.5287339084227659E-006   2.5060482659767902E-002   7.0258064343391275        6.1892426937095184E-005   2.1011527533521139E-016   99.500782758686341        715.77630563241223     
  0.15649999999999997        6.5475713227453913E-006   4.9999999999999992E-003   6.5475713227453913E-006   2.4970070601437338E-002   8.3046790863014976        8.6094818395126508E-005   2.2514945365759507E-016   99.861060807897942        715.77633369186844     
  0.15649999999999997        7.5732401095381635E-006   4.9999999999999984E-003   7.5732401095381635E-006   2.4880340237338976E-002   9.5873674866625862        1.1455630475638318E-004   2.4130780479983874E-016   100.22121132673405        715.77636185165204     
  0.15650000000000006        8.6068103947017928E-006   5.0000000000000001E-003   8.6068103947017928E-006   2.4791196468567037E-002   10.875179708946815        1.4729027041290697E-004   2.5941341991959031E-016   100.58158901891272        715.77638989127001     
  0.15650000000000006        9.6493605481019014E-006   5.0000000000000001E-003   9.6493605481019014E-006   2.4702548632836680E-002   12.169415065450323        1.8436355199293617E-004   2.7988129153788058E-016   100.94254116916574        715.77641798363948     
  0.15650000000000000        1.0701978308682274E-005   4.9999999999999984E-003   1.0701978308682274E-005   2.4614310261342660E-002   13.471365641277943        2.2587432273766031E-004   2.9806969155825532E-016   101.30440805603733        715.77644622373259     
  0.15650000000000003        1.1765761919396107E-005   4.9999999999999984E-003   1.1765761919396107E-005   2.4526398875780793E-002   14.782317764639577        2.7194611173483743E-004   3.1132086738750788E-016   101.66752332613436        715.77647466390920     
  0.15649999999999992        1.2841821273029614E-005   4.9999999999999984E-003   1.2841821273029614E-005   2.4438735805316671E-002   16.103553418305573        3.2272163429567744E-004   3.2694505803217057E-016   102.03221433204919        715.77650333554220     
  0.15650000000000000        1.3931279070158795E-005   5.0000000000000001E-003   1.3931279070158795E-005   2.4351246022115872E-002   17.436351596907844        3.7836126184154282E-004   3.4391917179386642E-016   102.39880243573664        715.77653226764357     
  0.15650000000000003        1.5035271990587448E-005   5.0000000000000001E-003   1.5035271990587448E-005   2.4263857993357327E-002   18.781989614526843        4.3904345059156110E-004   3.6283298253578103E-016   102.76760327894709        715.77656148826964     
  0.15649999999999997        1.6154951879253758E-005   5.0000000000000001E-003   1.6154951879253758E-005   2.4176503548937373E-002   20.141744366226121        5.0496514493325443E-004   3.8559959233121864E-016   103.13892702168928        715.77659102465782     
  0.15650000000000000        1.7291486947992536E-005   5.0000000000000001E-003   1.7291486947992536E-005   2.4089117763750899E-002   21.516893547386807        5.7634232136397707E-004   4.0811062341846175E-016   103.51307854987412        715.77662090764534     
  0.15650000000000000        1.8446062994427196E-005   4.9999999999999984E-003   1.8446062994427196E-005   2.4001638853029986E-002   22.908716834282785        6.5341108028631840E-004   4.2918900045633879E-016   103.89035765337091        715.77665117217225     
  0.15649999999999994        1.9619884639102718E-005   5.0000000000000010E-003   1.9619884639102718E-005   2.3914008079336985E-002   24.318497028899184        7.3642849235366263E-004   4.5222559868050161E-016   104.27105917539173        715.77668184460106     
  0.15650000000000000        2.0814176582373135E-005   4.9999999999999992E-003   2.0814176582373135E-005   2.3826169671604527E-002   25.747521171272794        8.2567236626853628E-004   4.8197910930314370E-016   104.65547313308986        715.77671295239986     
  0.15650000000000003        2.2030184882161813E-005   4.9999999999999984E-003   2.2030184882161813E-005   2.3738070754089666E-002   27.197081621957768        9.2144229223860112E-004   5.0203744532428754E-016   105.04388481065519        715.77674452494375     
  0.15649999999999997        2.3269178254020140E-005   4.9999999999999992E-003   2.3269178254020140E-005   2.3649661284659191E-002   28.668477117419748        1.0240607195731706E-003   5.3116091266454196E-016   105.43657482527927        715.77677659235815     
  0.15650000000000006        2.4532449394880007E-005   5.0000000000000001E-003   2.4532449394880007E-005   2.3560894001723450E-002   30.163013800970688        1.1338739514412217E-003   5.6030302124043220E-016   105.83381916632608        715.77680918513488     
  0.15650000000000003        2.5821316331710276E-005   5.0000000000000001E-003   2.5821316331710276E-005   2.3471724379088427E-002   31.682006231500768        1.2512531815187502E-003   5.8463795695898858E-016   106.23588920793154        715.77684233412469     
  0.15650000000000003        2.7137123796738209E-005   5.0000000000000001E-003   2.7137123796738209E-005   2.3382110588017480E-002   33.226778372676911        1.3765956135539936E-003   6.0659782989116178E-016   106.64305169529804        715.77687607059988     
  0.15650000000000006        2.8481244630454417E-005   4.9999999999999992E-003   2.8481244630454417E-005   2.3292013465877771E-002   34.798664564644966        1.5103256698235589E-003   6.2847492248586562E-016   107.05556870471877        715.77691042630727     
  0.15650000000000000        2.9855081213907620E-005   5.0000000000000001E-003   2.9855081213907620E-005   2.3201396490769789E-002   36.399010480520317        1.6528962879733705E-003   6.5590608869935528E-016   107.47369757736485        715.77694543351629     
  0.15649999999999994        3.1260066931926177E-005   4.9999999999999975E-003   3.1260066931926177E-005   2.3110225761566374E-002   38.029174070018378        1.8047903094490926E-003   6.8009840455847350E-016   107.89769082682209        715.77698112506084     
  0.15650000000000006        3.2697667668642604E-005   5.0000000000000018E-003   3.2697667668642604E-005   2.3018469982840389E-002   39.690526492192788        1.9665219632122644E-003   7.0473240058902526E-016   108.32779602019467        715.77701753439112     
  0.15649999999999992        3.4169383336863084E-005   4.9999999999999975E-003   3.4169383336863084E-005   2.2926100454178217E-002   41.384453039389896        2.1386384502935039E-003   7.4162578836895055E-016   108.76425563256403        715.77705469563114     
  0.15649999999999997        3.5676749443019086E-005   4.9999999999999975E-003   3.5676749443019086E-005   2.2833091063393814E-002   43.112354054690257        2.3217216340519417E-003   7.7565433263682181E-016   109.20730687456205        715.77709264362818     
  0.15650000000000006        3.7221338689232681E-005   5.0000000000000010E-003   3.7221338689232681E-005   2.2739418283199135E-002   44.875645844822600        2.5163898411048658E-003   8.0967221451519626E-016   109.65718149267340        715.77713141401023     
  0.15650000000000000        3.8804762614196439E-005   4.9999999999999992E-003   3.8804762614196439E-005   2.2645061170901887E-002   46.675761590688388        2.7232997782510983E-003   8.4687276525432736E-016   110.11410554184720        715.77717104324711     
  0.15649999999999992        4.0428673274541072E-005   4.9999999999999984E-003   4.0428673274541072E-005   2.2550001370728458E-002   48.514152257568426        2.9431485736648904E-003   8.8197003503023458E-016   110.57829912990461        715.77721156871974     
  0.15650000000000003        4.2094764968510229E-005   4.9999999999999992E-003   4.2094764968510229E-005   2.2454223118385342E-002   50.392287507218654        3.1766759487511865E-003   9.2350653685006236E-016   111.04997613318390        715.77725302878196     
  0.15649999999999994        4.3804776003710444E-005   4.9999999999999992E-003   4.3804776003710444E-005   2.2357713247501264E-002   52.311656613974179        3.4246665269470344E-003   9.5613266626473822E-016   111.52934388275845        715.77729546283842     
  0.15649999999999992        4.5560490510712130E-005   4.9999999999999984E-003   4.5560490510712130E-005   2.2260461197614559E-002   54.273769386968532        3.6879522895926966E-003   9.9465644759904102E-016   112.01660282047351        715.77733891142020     
  0.15649999999999992        4.7363740304588031E-005   4.9999999999999984E-003   4.7363740304588031E-005   2.2162459023378277E-002   56.280157100903736        3.9674151876476164E-003   1.0315936370839250E-015   112.51194612403802        715.77738341627082     
  0.15649999999999997        4.9216406796098141E-005   5.0000000000000010E-003   4.9216406796098141E-005   2.2063701404701964E-002   58.332373437363195        4.2639899181613978E-003   1.0707780356042528E-015   113.01555930019933        715.77742902043633     
  0.15650000000000000        5.1120422954612433E-005   5.0000000000000001E-003   5.1120422954612433E-005   2.1964185657552773E-002   60.431995439074086        4.5786668774938531E-003   1.1043841278867606E-015   113.52761974503173        715.77747576836123     
  0.15650000000000000        5.3077775324894910E-005   4.9999999999999992E-003   5.3077775324894910E-005   2.1863911745164631E-002   62.580624479541655        4.9124953021227498E-003   1.1471020053058975E-015   114.04829627026395        715.77752370599387     
  0.15649999999999994        5.5090506099774525E-005   4.9999999999999992E-003   5.5090506099774525E-005   2.1762882289437218E-002   64.779887250353156        5.2665866099359786E-003   1.1929495459273873E-015   114.57774859442523        715.77757288089720     
  0.15649999999999997        5.7160715250822879E-005   5.0000000000000001E-003   5.7160715250822879E-005   2.1661102582329863E-002   67.031436768539848        5.6421179557360401E-003   1.2396598574241155E-015   115.11612679749250        715.77762334237070     
  0.15650000000000003        5.9290562719338618E-005   4.9999999999999992E-003   5.9290562719338618E-005   2.1558580597077017E-002   69.336953406563751        6.0403360161426205E-003   1.2873213656544032E-015   115.66357073763346        715.77767514157881     
  0.15650000000000000        6.1482270669965477E-005   4.9999999999999992E-003   6.1482270669965477E-005   2.1455326999082876E-002   71.698145947503889        6.4625610197041449E-003   1.3318232294018263E-015   116.22020942850567        715.77772833169456     
  0.15649999999999994        6.3738125809124774E-005   5.0000000000000001E-003   6.3738125809124774E-005   2.1351355156392457E-002   74.116752667837844        6.9101910408221013E-003   1.3773713852763820E-015   116.78616037538362        715.77778296805150     
  0.15650000000000000        6.6060481770842391E-005   5.0000000000000001E-003   6.6060481770842391E-005   2.1246681149652859E-002   76.594542450620153        7.3847065759670236E-003   1.4162450344087503E-015   117.36152886832610        715.77783910831715     
  0.15649999999999997        6.8451761572431094E-005   4.9999999999999984E-003   6.8451761572431094E-005   2.1141323781520192E-002   79.133315931699627        7.8876754203159819E-003   1.4403311653578082E-015   117.94640723039366        715.77789681267518     
  0.15649999999999997        7.0914460142502137E-005   4.9999999999999984E-003   7.0914460142502137E-005   2.1035304585504996E-002   81.734906681595874        8.4207578792765726E-003   1.4623938666049176E-015   118.54087401874322        715.77795614398110     
  0.15650000000000000        7.3451146924047214E-005   5.0000000000000010E-003   7.3451146924047214E-005   2.0928647834280827E-002   84.401182425901183        8.9857123231737376E-003   1.4926382716095100E-015   119.14499317629854        715.77801716799320     
  0.15649999999999997        7.6064468555252251E-005   5.0000000000000001E-003   7.6064468555252251E-005   2.0821380547521653E-002   87.134046306939538        9.5844011242289199E-003   1.5191685423975357E-015   119.75881313146088        715.77807995359854     
  0.15649999999999997        7.8757151630845892E-005   4.9999999999999992E-003   7.8757151630845892E-005   2.0713532499374573E-002   89.935438189506584        1.0218797002208508E-002   1.5583984495444316E-015   120.38236584313501        715.77814457305590     
  0.15649999999999994        8.1532005546890453E-005   4.9999999999999992E-003   8.1532005546890453E-005   2.0605136225715793E-002   92.807336013562505        1.0890989810882851E-002   1.5718497840732392E-015   121.01566578812594        715.77821110226159     
  0.15649999999999997        8.4391925431939277E-005   4.9999999999999992E-003   8.4391925431939277E-005   2.0496227031385483E-002   95.751757196687308        1.1603193801267146E-002   1.5900760436351479E-015   121.65870888770863        715.77827962103675     
  0.15649999999999989        8.7339895167649233E-005   4.9999999999999984E-003   8.7339895167649233E-005   2.0386842997640989E-002   98.770760089195662        1.2357755400295071E-002   1.6087500711685295E-015   122.31147136993143        715.77835021343913     
  0.15650000000000008        9.0378990502009874E-005   5.0000000000000001E-003   9.0378990502009874E-005   2.0277024990118166E-002   101.86644548478034        1.3157161548421139E-002   1.6031797697114615E-015   122.97390856393517        715.77842296810081     
  0.15649999999999994        9.3512382258402729E-005   4.9999999999999984E-003   9.3512382258402729E-005   2.0166816667644048E-002   105.04095818949456        1.4004048640411245E-002   1.6301841063709247E-015   123.64595362226314        715.77849797859699     
  0.15649999999999994        9.6743339643858643E-005   4.9999999999999984E-003   9.6743339643858643E-005   2.0056264492295851E-002   108.29648865190678        1.4901212123209620E-002   1.6533005379774052E-015   124.32751616683279        715.77857534384509     
  0.15650000000000003        1.0007523365997927E-004   5.0000000000000001E-003   1.0007523365997927E-004   1.9945417741159103E-002   111.63527465721461        1.5851616803933762E-002   1.6961676433017155E-015   125.01848085389690        715.77865516853058     
  0.15650000000000006        1.0351154062004250E-004   4.9999999999999992E-003   1.0351154062004250E-004   1.9834328520299229E-002   115.05960308798377        1.6858407928205456E-002   1.7522973558047278E-015   125.71870585294762        715.77873756356087     
  0.15649999999999992        1.0705584577599129E-004   4.9999999999999966E-003   1.0705584577599129E-004   1.9723051781518529E-002   118.57181175416568        1.7924923083252425E-002   1.8062623561667520E-015   126.42802123414046        715.77882264640573     
  0.15650000000000000        1.1071184705909220E-004   5.0000000000000001E-003   1.1071184705909220E-004   1.9611645342519145E-002   122.17429129490965        1.9054704901133177E-002   1.8607673176740055E-015   127.14622725839044        715.77891054046211     
  0.15650000000000003        1.1448335893814304E-004   5.0000000000000001E-003   1.1448335893814304E-004   1.9500169911013710E-002   125.86948715452709        2.0251513928919548E-002   1.9282781860289943E-015   127.87309256384270        715.77900136699157     
  0.15650000000000003        1.1837431639928747E-004   5.0000000000000001E-003   1.1837431639928747E-004   1.9388689112290341E-002   129.65990163485276        2.1519336396198036E-002   1.9931746382507127E-015   128.60835224195151        715.77909518190643     
  0.15650000000000006        1.2238877905157531E-004   5.0000000000000018E-003   1.2238877905157531E-004   1.9277269538639077E-002   133.54809602640668        2.2862398301435133E-002   2.0273395634517212E-015   129.35170576692849        715.77919234594322     
  0.15650000000000003        1.2653093536252140E-004   5.0000000000000001E-003   1.2653093536252140E-004   1.9165980766637097E-002   137.53669281939693        2.4285238976343968E-002   2.0649193087484727E-015   130.10281487681073        715.77929288967835     
  0.15650000000000006        1.3080510702808784E-004   4.9999999999999984E-003   1.3080510702808784E-004   1.9054895423061113E-002   141.62837799597045        2.5792653060757675E-002   2.0962206679515604E-015   130.86130125426163        715.77939700689171     
  0.15649999999999994        1.3521575348173732E-004   4.9999999999999992E-003   1.3521575348173732E-004   1.8944089239098558E-002   145.82590340544573        2.7389746425846843E-002   2.1377434183335243E-015   131.62674408012677        715.77950487556791     
  0.15649999999999997        1.3976747654715626E-004   4.9999999999999992E-003   1.3976747654715626E-004   1.8833641120298880E-002   150.13208922302354        2.9081951938665675E-002   2.1395766292671697E-015   132.39867743666426        715.77961669356478     
  0.15649999999999997        1.4446502523955121E-004   4.9999999999999992E-003   1.4446502523955121E-004   1.8723633227032067E-002   154.54982649213008        3.0875054966891739E-002   2.1506603826824845E-015   133.17658754776886        715.77973267077061     
  0.15649999999999994        1.4931330072049387E-004   5.0000000000000010E-003   1.4931330072049387E-004   1.8614151068473764E-002   159.08207975000417        3.2775218750484156E-002   2.1588988131642689E-015   133.95990984506165        715.77985303274704     
  0.15650000000000003        1.5431736141148888E-004   5.0000000000000001E-003   1.5431736141148888E-004   1.8505283611424381E-002   163.73188973547155        3.4789012537594304E-002   2.1675743647654774E-015   134.74802584794500        715.77997802135269     
  0.15650000000000008        1.5948242827170138E-004   5.0000000000000010E-003   1.5948242827170138E-004   1.8397123405933791E-002   168.50237617714302        3.6923441957151075E-002   2.1805997178445764E-015   135.54025984491037        715.78010789637358     
  0.15649999999999994        1.6481389024521095E-004   4.9999999999999984E-003   1.6481389024521095E-004   1.8289766729765202E-002   173.39674065910808        3.9185982075103189E-002   2.2052706261744391E-015   136.33587536247089        715.78024293702072     
  0.15650000000000000        1.7031730988349551E-004   5.0000000000000001E-003   1.7031730988349551E-004   1.8183313753984770E-002   178.41826956024647        4.1584613326124960E-002   2.2323043978583870E-015   137.13407140720054        715.78038344365257     
  0.15649999999999997        1.7599842914912684E-004   4.9999999999999992E-003   1.7599842914912684E-004   1.8077868732196471E-002   183.57033706208281        4.4127860622655855E-002   2.2760436032043222E-015   137.93397846540918        715.78052973963440     
  0.15650000000000006        1.8186317540660690E-004   5.0000000000000001E-003   1.8186317540660690E-004   1.7973540216229739E-002   188.85640821837703        4.6824835946808779E-002   2.3665800400653649E-015   138.73465424393456        715.78068217337363     
  0.15649999999999994        1.8791766760665538E-004   5.0000000000000001E-003   1.8791766760665538E-004   1.7870441301400995E-002   194.28004207806399        4.9685284771855819E-002   2.4620591803407893E-015   139.53507913451244        715.78084112055274     
  0.15649999999999989        1.9416822267036908E-004   4.9999999999999966E-003   1.9416822267036908E-004   1.7768689904836137E-002   199.84489485100715        5.2719636693250201E-002   2.5780717085857690E-015   140.33415138307740        715.78100698656613     
  0.15650000000000003        2.0062136207993841E-004   4.9999999999999984E-003   2.0062136207993841E-004   1.7668409080757095E-002   205.55472310368816        5.5939060691336244E-002   2.6118773175396835E-015   141.13068194423380        715.78118020919692     
  0.15649999999999994        2.0728381868283629E-004   5.0000000000000001E-003   2.0728381868283629E-004   1.7569727377114586E-002   211.41338696914656        5.9355525492057776E-002   2.6778753565815195E-015   141.92338899998450        715.78136126154754     
  0.15650000000000008        2.1416254371647966E-004   5.0000000000000001E-003   2.1416254371647966E-004   1.7472779238503763E-002   217.42485335207826        6.2981865542450582E-002   2.7657718354024828E-015   142.71089212061904        715.78155065524948     
  0.15649999999999994        2.2126471406073921E-004   5.0000000000000010E-003   2.2126471406073921E-004   1.7377705460933847E-002   223.59319910628386        6.6831853168602420E-002   2.8498556647683527E-015   143.49170604451305        715.78174894395022     
  0.15649999999999994        2.2859773972594099E-004   4.9999999999999992E-003   2.2859773972594099E-004   1.7284653704754616E-002   229.92261415717670        7.0920277503958420E-002   2.9158470267294793E-015   144.26423405243190        715.78195672678714     
  0.15649999999999992        2.3616927158403447E-004   4.9999999999999975E-003   2.3616927158403447E-004   1.7193779072831851E-002   236.41740453659861        7.5263030418495108E-002   3.0036560273696986E-015   145.02676091078581        715.78217464860597     
  0.15649999999999992        2.4398720935107029E-004   5.0000000000000001E-003   2.4398720935107029E-004   1.7105244761323052E-002   243.08199529120532        7.9877195264324546E-002   3.0738334333229167E-015   145.77744535725014        715.78240336279646     
  0.15650000000000003        2.5205970982937768E-004   5.0000000000000010E-003   2.5205970982937768E-004   1.7019222799924846E-002   249.92093313434637        8.4781149127220901E-002   3.1808144152175159E-015   146.51431210136937        715.78264377353582     
  0.15650000000000000        2.6039519541787369E-004   4.9999999999999992E-003   2.6039519541787369E-004   1.6935894875551791E-002   256.93888906439810        8.9994754297767821E-002   3.1756866164783016E-015   147.23524331281686        715.78289686523897     
  0.15649999999999997        2.6900236289954685E-004   5.0000000000000010E-003   2.6900236289954685E-004   1.6855453242387759E-002   264.14066054555678        9.5539485807970989E-002   3.1837165486096151E-015   147.93796972688122        715.78316347477426     
  0.15650000000000000        2.7789019251518460E-004   5.0000000000000010E-003   2.7789019251518460E-004   1.6778101753310262E-002   271.53117336038946       0.10143841433382476        3.1616933257998629E-015   148.62006111634216        715.78344377811925     
  0.15650000000000008        2.8706795733287791E-004   5.0000000000000018E-003   2.8706795733287791E-004   1.6704057169108017E-002   279.11548299869094       0.10771618290615653        3.0791696509149883E-015   149.27891552148415        715.78373973506575     
  0.15650000000000000        2.9654523292301643E-004   4.9999999999999992E-003   2.9654523292301643E-004   1.6633550405266422E-002   286.89877548113412       0.11439971725767972        3.0481557501062325E-015   149.91174863928907        715.78405214006182     
  0.15649999999999994        3.0633190734888745E-004   4.9999999999999966E-003   3.0633190734888745E-004   1.6566828090269256E-002   294.88636748458913       0.12151802099690810        3.0618897656883606E-015   150.51558236411287        715.78438242264644     
  0.15650000000000003        3.1643819148336052E-004   5.0000000000000001E-003   3.1643819148336052E-004   1.6504154273490113E-002   303.08370563304857       0.12910253272754899        3.0183633368771772E-015   151.08723258728503        715.78473189252247     
  0.15649999999999997        3.2687462966232635E-004   5.0000000000000001E-003   3.2687462966232635E-004   1.6445812389526727E-002   311.49636476529247       0.13718727367971284        2.9652241882546501E-015   151.62329630967375        715.78510207986017     
  0.15649999999999997        3.3765211068610278E-004   4.9999999999999984E-003   3.3765211068610278E-004   1.6392107481709682E-002   320.13004497385617       0.14580912024456893        2.8714463499991114E-015   152.12013801375497        715.78549461371756     
  0.15649999999999997        3.4878187918015771E-004   4.9999999999999975E-003   3.4878187918015771E-004   1.6343368738735653E-002   328.99056716367772       0.15500806116871169        2.7867638539671926E-015   152.57387530703227        715.78591129536824     
  0.15650000000000011        3.6027554732715269E-004   5.0000000000000010E-003   3.6027554732715269E-004   1.6299952387303234E-002   338.08386683424703       0.16482750147022043        2.6895143085699007E-015   152.98036382775587        715.78635408654918     
  0.15650000000000003        3.7214510698245609E-004   5.0000000000000001E-003   3.7214510698245609E-004   1.6262245000853486E-002   347.41598573187940       0.17531458864590310        2.4272082896776862E-015   153.33518142536684        715.78682514116520     
  0.15649999999999997        3.8440294218577802E-004   4.9999999999999984E-003   3.8440294218577802E-004   1.6230667291130530E-002   356.99306095061598       0.18652057727549212        2.1314575287291480E-015   153.63361163988949        715.78732681489566     
  0.15650000000000000        3.9706184208197304E-004   5.0000000000000001E-003   3.9706184208197304E-004   1.6205678462666937E-002   366.82131097857661       0.19850121959725861        1.8379952532679489E-015   153.87062652823954        715.78786162361212     
  0.15650000000000000        4.1013501426453254E-004   5.0000000000000001E-003   4.1013501426453254E-004   1.6187781203464719E-002   376.90701809012575       0.21131703308082139        1.7390296487561762E-015   154.04086892277741        715.78843117825716     
  0.15650000000000000        4.2363609855567130E-004   5.0000000000000010E-003   4.2363609855567130E-004   1.6177528152600561E-002   387.25650613372432       0.22503527533393111        1.6485192269407090E-015   154.13863174532054        715.78905464194133     
  0.15649999999999994        4.3757918123732349E-004   4.9999999999999992E-003   4.3757918123732349E-004   1.6175528221355026E-002   397.87611330904497       0.23975611217571866        1.7340952009328284E-015   154.15784432265218        715.78977425999187     
  0.15649999999999992        4.5197880974803340E-004   5.0000000000000001E-003   4.5197880974803340E-004   1.6182434644591941E-002   408.77215486165704       0.25553891799255496        1.8204572148901851E-015   154.09218401263453        715.79038730161176     
  0.15649999999999994        4.6685000786090208E-004   4.9999999999999984E-003   4.6685000786090208E-004   1.6199004549709670E-002   419.95088352218232       0.27242934736576935        1.6954223854851017E-015   153.93472952076345        715.79115856535645     
  0.15650000000000003        4.8220829135858849E-004   4.9999999999999992E-003   4.8220829135858849E-004   1.6226066311167457E-002   431.41844334763653       0.29055773646028166        1.6070153976201316E-015   153.67816899187144        715.79195564587417     
  0.15649999999999997        4.9806968422159775E-004   4.9999999999999992E-003   4.9806968422159775E-004   1.6264544192036767E-002   443.18080819599396       0.31001859170743423        1.5516660141942034E-015   153.31479164998268        715.79282927395070     
  0.15650000000000003        5.1445073534683394E-004   4.9999999999999992E-003   5.1445073534683394E-004   1.6315471085156130E-002   455.24370415672786       0.33093086866381188        1.4946263481134747E-015   152.83643479762674        715.79375605607027     
  0.15650000000000006        5.3136853581379096E-004   5.0000000000000018E-003   5.3136853581379096E-004   1.6380008585299533E-002   467.61251959459071       0.35341315556367198        1.5049407292480876E-015   152.23447092810721        715.79476305987896     
  0.15650000000000003        5.4884073671640510E-004   5.0000000000000001E-003   5.4884073671640510E-004   1.6459465409042633E-002   480.29219381323702       0.37760303024379022        1.5046011542013369E-015   151.49979900143575        715.79584248078959     
  0.15650000000000003        5.6688556757927486E-004   4.9999999999999992E-003   5.6688556757927486E-004   1.6555323000868569E-002   493.28708287760480       0.40364531218163091        1.4281146355946372E-015   150.62284052728251        715.79701224755934     
  0.15650000000000003        5.8552185537732104E-004   5.0000000000000018E-003   5.8552185537732104E-004   1.6669263394174950E-002   506.60079520135031       0.43170242392843161        1.3576540877626630E-015   149.59354287034392        715.79827296395467     
  0.15650000000000003        6.0476904417877751E-004   5.0000000000000001E-003   6.0476904417877751E-004   1.6803204447819318E-002   520.23599163038591       0.46194891197110649        1.2252526110459614E-015   148.40139187137129        715.79963927146400     
  0.15650000000000006        6.2464721543209055E-004   5.0000000000000018E-003   6.2464721543209055E-004   1.6959340698214039E-002   534.19414058289271       0.49457758109453398        1.3600973489333855E-015   147.03543729106019        715.80111695315645     
  0.15649999999999997        6.4517710891777837E-004   4.9999999999999992E-003   6.4517710891777837E-004   1.7140193538968871E-002   548.47521844290009       0.52979704942098738        1.4816601189075814E-015   145.48433510935675        715.80272012222861     
  0.15649999999999997        6.6638014438713598E-004   5.0000000000000018E-003   6.6638014438713598E-004   1.7348670907635894E-002   563.07734131584334       0.56783565217142995        1.5249552034183224E-015   143.73641239851398        715.80445836412241     
  0.15650000000000003        6.8827844391047409E-004   5.0000000000000001E-003   6.8827844391047409E-004   1.7588139938268320E-002   577.99631169696966       0.60894030804477162        1.5348617572009737E-015   141.77976199620650        715.80634666965523     
  0.15650000000000003        7.1089485495800240E-004   4.9999999999999984E-003   7.1089485495800240E-004   1.7862514216505546E-002   593.22505833001071       0.65337883158366217        1.2923907278658170E-015   139.60237677284030        715.80839776313098     
  0.15650000000000003        7.3425297423764164E-004   5.0000000000000001E-003   7.3425297423764164E-004   1.8176359383375900E-002   608.75294232869146       0.70143881553475596        7.0890016875333216E-016   137.19233631033461        715.81062806339719     
  0.15649999999999997        7.5837717231452470E-004   5.0000000000000010E-003   7.5837717231452470E-004   1.8535019733573532E-002   624.56489492122500       0.75342799946645933        9.0908812846999904E-016   134.53806318308216        715.81305267951154     
  0.15649999999999994        7.8329261903785786E-004   4.9999999999999992E-003   7.8329261903785786E-004   1.8944769467672602E-002   640.64034352451802       0.80967152462101322        8.5828659918462174E-016   131.62867164863692        715.81568888510265     
  0.15650000000000003        8.0902530980177093E-004   5.0000000000000010E-003   8.0902530980177093E-004   1.9412990549129309E-002   656.95187187555177       0.87050872998853124        7.0300755545352058E-016   128.45443922016665        715.81855219265060     
  0.15649999999999997        8.3560209266746752E-004   4.9999999999999984E-003   8.3560209266746752E-004   1.9948377493294662E-002   673.46354829030724       0.93628578906172277        1.1291112510224539E-016   125.00744152925368        715.82165767675326     
  0.15650000000000006        8.6305069637499009E-004   5.0000000000000001E-003   8.6305069637499009E-004   2.0561163488123438E-002   690.12884465761260        1.0073449639973930       -2.9431613286778211E-016   121.28240371785105        715.82501561124775     
  0.15649999999999997        8.9139975927386358E-004   5.0000000000000001E-003   8.9139975927386358E-004   2.1263351906425899E-002   706.88806168932933        1.0840066170904474       -4.6391209110625652E-016   117.27783720213895        715.82863022796846     
  0.15649999999999997        9.2067885920276164E-004   4.9999999999999992E-003   9.2067885920276164E-004   2.2068915670561354E-002   723.66517656588769        1.1665445767719029        2.3579779695923438E-016   112.99754823676008        715.83248814621618     
  0.15650000000000003        9.5091854434934807E-004   4.9999999999999984E-003   9.5091854434934807E-004   2.2993882086404762E-002   740.35960216459603        1.2551416079972155        1.0525307415387030E-015   108.45264807590861        715.83651801895405     
  0.15650000000000000        9.8215036512259014E-004   4.9999999999999992E-003   9.8215036512259014E-004   2.4056167322887775E-002   756.84653207536360        1.3498191361022214        4.2101796017905802E-016   103.66414309211898        715.84070031470947     
  0.15650000000000003        1.0144069070707027E-003   4.9999999999999992E-003   1.0144069070707027E-003   2.5274892723186566E-002   772.97073795070889        1.4503875117232616       -6.1258016118955300E-016   98.666152472494190        715.84484751888476     
  0.15649999999999994        1.0477218248791020E-003   4.9999999999999984E-003   1.0477218248791020E-003   2.6668768485998889E-002   788.54052523306552        1.5562706240092514       -1.6918709109725975E-015   93.509766425114364        715.84883548792288     
  0.15650000000000003        1.0821298774838328E-003   5.0000000000000001E-003   1.0821298774838328E-003   2.8252878564060616E-002   803.32424343005175        1.6663586416435721       -1.9755833703603010E-015   88.267221327382742        715.85250211859670     
  0.15650000000000008        1.1176669643370865E-003   4.9999999999999992E-003   1.1176669643370865E-003   3.0033140626951890E-002   817.05069411133513        1.7788907298089094       -2.0597193334382218E-015   83.035539698398850        715.85679511767080     
  0.15650000000000003        1.1543701628627199E-003   5.0000000000000001E-003   1.1543701628627199E-003   3.1997963905244613E-002   829.42238263155821        1.8909501672974427       -3.0289315340735900E-015   77.937896109449241        715.86711344041760     
  0.15649999999999994        1.1922777671408023E-003   5.0000000000000001E-003   1.1922777671408023E-003   3.4107092910855528E-002   840.14550242685129        2.0000336275396009       -3.1940578697116824E-015   73.119466144803695        715.87814740469037     
  0.15649999999999997        1.2314293278615170E-003   5.0000000000000001E-003   1.2314293278615170E-003   3.6283654067321237E-002   848.98457530407700        2.1025187229989557       -3.6595263010362852E-015   68.734627387351480        715.89279201445970     
  0.15650000000000000        1.2718656935901279E-003   5.0000000000000001E-003   1.2718656935901279E-003   3.8393216793836553E-002   855.83088715423457        2.1957603625815802       -4.0424527687608095E-015   64.959595237765456        715.91127252410229     
  0.15650000000000003        1.3136290533861464E-003   5.0000000000000001E-003   1.3136290533861464E-003   4.0274719020285142E-002   860.76427074807168        2.2747825884021142       -3.9918064155881230E-015   61.926079005406585        715.92493885636213     
  0.15649999999999994        1.3567629808210436E-003   4.9999999999999992E-003   1.3567629808210436E-003   4.1812997442861238E-002   864.05488314805154        2.3366723593796830       -4.5510847336598552E-015   59.648772110662520        715.93599720003624     
  0.15650000000000006        1.4013124794404524E-003   5.0000000000000010E-003   1.4013124794404524E-003   4.2963774915549320E-002   866.08736026955921        2.3818798845577867       -4.7353679051740612E-015   58.051788716250456        715.94461684721750     
  0.15650000000000000        1.4473240297184307E-003   5.0000000000000001E-003   1.4473240297184307E-003   4.3755749912630072E-002   867.25479850651175        2.4131155610862467       -5.2905835898345201E-015   57.001755017707168        715.95338724541364     
  0.15650000000000000        1.4948456375526015E-003   4.9999999999999975E-003   1.4948456375526015E-003   4.4261859741736798E-002   867.88259414903348        2.4336710730911730       -5.6310626949771892E-015   56.350753546217362        715.96332289958525     
  0.15649999999999997        1.5439268843507781E-003   4.9999999999999984E-003   1.5439268843507781E-003   4.4565525223431803E-002   868.20174321835316        2.4468181009189909       -5.8132356070183454E-015   55.967695749622578        715.97497919123123     
  0.15649999999999997        1.5946189787615322E-003   4.9999999999999975E-003   1.5946189787615322E-003   4.4738748184933411E-002   868.35767994927846        2.4552199048633123       -5.8667735983528724E-015   55.752043400083174        715.98843444724764     
  0.15650000000000006        1.6469748101024244E-003   5.0000000000000001E-003   1.6469748101024244E-003   4.4834227520574484E-002   868.43326046257630        2.4607929669070177       -5.6249008715503485E-015   55.634485157949292        716.00351477802769     
  0.15650000000000006        1.7010490035417637E-003   4.9999999999999992E-003   1.7010490035417637E-003   4.4886332536574536E-002   868.47168452989274        2.4647958625088213       -5.3550883819481617E-015   55.571180784692288        716.01997281761714     
  0.15650000000000006        1.7568979770914781E-003   5.0000000000000010E-003   1.7568979770914781E-003   4.4915552328165784E-002   868.49373405820381        2.4679949696903085       -4.9661625787947047E-015   55.536394691277380        716.03758111451600     
  0.15649999999999997        1.8145800004705749E-003   4.9999999999999992E-003   1.8145800004705749E-003   4.4933214072263250E-002   868.50852378792274        2.4708269017668592       -3.7886122198550534E-015   55.516005805774341        716.05616243689872     
  0.15649999999999992        1.8741552559005121E-003   4.9999999999999975E-003   1.8741552559005121E-003   4.4945173830854522E-002   868.51989121901295        2.4735245985279186       -1.5862378366683565E-015   55.502736043614554        716.07555176230971     
  0.15649999999999994        1.9356859008959650E-003   5.0000000000000001E-003   1.9356859008959650E-003   4.4954293262205403E-002   868.52936964402659        2.4762032307489461        8.6002623055973397E-016   55.493044314399100        716.09577993943822     
  0.15649999999999994        1.9992361331165396E-003   4.9999999999999992E-003   1.9992361331165396E-003   4.4961885339602388E-002   868.53757758109032        2.4789570489984354        2.6009209079053963E-015   55.485283999638696        716.11655941566289     
  0.15649999999999997        2.0648722573470639E-003   4.9999999999999984E-003   2.0648722573470639E-003   4.4968557015563342E-002   868.54479973450634        2.4817865266159509        4.4941115311764232E-015   55.478718431740177        716.13806990449655     
  0.15650000000000003        2.1326627546763102E-003   4.9999999999999992E-003   2.1326627546763102E-003   4.4974580995914691E-002   868.55121118537375        2.4847301047769745        6.2747956003072267E-015   55.473000730757931        716.16018773413657     
  0.15649999999999994        2.2026783539463427E-003   4.9999999999999992E-003   2.2026783539463427E-003   4.4980112235570149E-002   868.55693268579103        2.4877839074876476        8.0855332787610873E-015   55.467950103218698        716.18305338272910     
  0.15650000000000006        2.2749921055471023E-003   4.9999999999999992E-003   2.2749921055471023E-003   4.4985252191262662E-002   868.56206990253702        2.4909754970818776        9.1720586859133743E-015   55.463434274986298        716.20657938595832     
  0.15649999999999997        2.3496794576330919E-003   4.9999999999999992E-003   2.3496794576330919E-003   4.4990086437511713E-002   868.56670812160974        2.4943019449432828        8.7205210999617960E-015   55.459356746454205        716.23088571395056     
  0.15649999999999997        2.4268183348418204E-003   5.0000000000000010E-003   2.4268183348418204E-003   4.4994675365370003E-002   868.57092187549949        2.4977913700244536        8.1514064852815306E-015   55.455635590195463        716.25587845096459     
  0.15650000000000000        2.5064892195960273E-003   4.9999999999999984E-003   2.5064892195960273E-003   4.4999051406983584E-002   868.57475421577215        2.5014437598066839        7.5239698249929096E-015   55.452237979151882        716.28165200696378     
  0.15649999999999997        2.5887752360745832E-003   4.9999999999999992E-003   2.5887752360745832E-003   4.5003218616707412E-002   868.57823089904446        2.5052850870622532        6.8758570435777416E-015   55.449152338096361        716.30812322442796     
  0.15650000000000003        2.6737622369396629E-003   5.0000000000000001E-003   2.6737622369396629E-003   4.5007171010698746E-002   868.58136055235229        2.5093205510776353        7.1340429884173743E-015   55.446389706768223        716.33534116588851     
  0.15650000000000006        2.7615388929105754E-003   5.0000000000000001E-003   2.7615388929105754E-003   4.5010924923999898E-002   868.58416933940146        2.5135696556691292        5.9434449883592625E-015   55.443926427899676        716.36326175561123     
  0.15649999999999997        2.8521967852779594E-003   4.9999999999999992E-003   2.8521967852779594E-003   4.5014514091212918E-002   868.58670378983220        2.5180508197822098        4.6885614469172621E-015   55.441719745620702        716.39187078709381     
  0.15650000000000000        2.9458305014545857E-003   4.9999999999999984E-003   2.9458305014545857E-003   4.5017993606051486E-002   868.58902074503794        2.5227751857728462        4.0308523799693093E-015   55.439707930514054        716.42124843463091     
  0.15650000000000006        3.0425377336626026E-003   5.0000000000000001E-003   3.0425377336626026E-003   4.5021396212988014E-002   868.59115036523974        2.5277534679005180        3.7045464908352251E-015   55.437851181493983        716.45140218454480     
  0.15650000000000000        3.1424193808601711E-003   4.9999999999999984E-003   3.1424193808601711E-003   4.5024757481126235E-002   868.59307833136370        2.5329217293161763        3.0729008236806938E-015   55.436140186429760        716.48277827407139     
  0.15649999999999997        3.2455796540138519E-003   4.9999999999999992E-003   3.2455796540138519E-003   4.5028048374995355E-002   868.59477642348668        2.5382834841446194        1.8612191392633444E-015   55.434619791022797        716.51549480448307     
  0.15649999999999997        3.3521261848265646E-003   5.0000000000000001E-003   3.3521261848265646E-003   4.5031266348904281E-002   868.59623974414728        2.5438032213779147        2.2027786547515728E-015   55.433322314199557        716.54992966576833     
  0.15649999999999994        3.4621701380344806E-003   4.9999999999999992E-003   3.4621701380344806E-003   4.5034423711269242E-002   868.59750018067166        2.5495173340873918        4.0852878434609097E-015   55.432222696056080        716.58595545273567     
  0.15649999999999997        3.5758263273901933E-003   5.0000000000000010E-003   3.5758263273901933E-003   4.5037574597177096E-002   868.59860531932259        2.5553943021828602        4.4660560269080500E-015   55.431282583722727        716.62393831043448     
  0.15650000000000000        3.6932133354529734E-003   4.9999999999999984E-003   3.6932133354529734E-003   4.5040748711466357E-002   868.59959396460852        2.5614567219495274        6.3805793510511360E-015   55.430466220180342        716.66388901975881     
  0.15650000000000000        3.8144536373112387E-003   5.0000000000000001E-003   3.8144536373112387E-003   4.5043971941828888E-002   868.60042950918853        2.5676808918724423        5.7937641156865123E-015   55.429767075335441        716.70613537433690     
  0.15650000000000003        3.9396737283662973E-003   4.9999999999999992E-003   3.9396737283662973E-003   4.5047225455923469E-002   868.60106111084019        2.5740938597688916        4.7509665304594766E-015   55.429207908780768        716.75067232940046     
  0.15649999999999992        4.0690042563105719E-003   4.9999999999999975E-003   4.0690042563105719E-003   4.5050473260410402E-002   868.60143353933779        2.5806701248798660        1.0503732525455581E-015   55.428862156983627        716.79787724302298     
  0.15650000000000000        4.2025801574381823E-003   4.9999999999999984E-003   4.2025801574381823E-003   4.5053720881242022E-002   868.60158173352863        2.5874391073351726       -2.2582493456439315E-015   55.428727246773938        716.84780535873585     
  0.15649999999999997        4.3405407974299792E-003   5.0000000000000001E-003   4.3405407974299792E-003   4.5056997578245092E-002   868.60155595681795        2.5944545496251705       -3.6287353442416593E-015   55.428745001529229        716.90017037823714     
  0.15649999999999992        4.4830301167599756E-003   4.9999999999999966E-003   4.4830301167599756E-003   4.5060341626379660E-002   868.60145260912816        2.6018173041913597       -3.9026801169096434E-015   55.428830462879155        716.95448281626591     
  0.15649999999999997        4.6301967808748202E-003   4.9999999999999984E-003   4.6301967808748202E-003   4.5063790407643148E-002   868.60131652240307        2.6095826510581337       -6.3962488274300797E-015   55.428918845036975        717.01049961094827     
  0.15649999999999997        4.7821943353030909E-003   5.0000000000000010E-003   4.7821943353030909E-003   4.5067351454047298E-002   868.60115342170309        2.6177562282816740       -5.2287760420994922E-015   55.429005680721772        717.06828282919298     
  0.15649999999999992        4.9391813658561890E-003   5.0000000000000010E-003   4.9391813658561890E-003   4.5070973459668741E-002   868.60091811825669        2.6263976198008421       -4.1309610238512467E-015   55.429129706910260        717.12751731179446     
  0.15649999999999997        5.1013216640879051E-003   5.0000000000000001E-003   5.1013216640879051E-003   4.5074618222063850E-002   868.60056095729885        2.6355012853283295       -2.4184818451135686E-015   55.429348545193434        717.18834089094605     
  0.15650000000000000        5.2687843981855101E-003   4.9999999999999992E-003   5.2687843981855101E-003   4.5078246245471611E-002   868.60007362337456        2.6451099785540690       -7.3004376600805630E-016   55.429698434202869        717.25059436412698     
  0.15650000000000000        5.4417442894704590E-003   5.0000000000000001E-003   5.4417442894704590E-003   4.5081859219005954E-002   868.59945092668579        2.6552206289412621       -5.7756865836665095E-016   55.430195796206206        717.31451753015870     
  0.15649999999999994        5.6203817946928322E-003   4.9999999999999984E-003   5.6203817946928322E-003   4.5085508224891845E-002   868.59869381390274        2.6657858011788274       -1.6238991296855868E-016   55.430821478411559        717.38067576579635     
  0.15649999999999992        5.8048832943099829E-003   4.9999999999999984E-003   5.8048832943099829E-003   4.5089319462969020E-002   868.59783743327796        2.6766723067889897       -3.9940856577509023E-016   55.431528527526119        717.45046984042426     
  0.15649999999999994        5.9954412869454984E-003   5.0000000000000001E-003   5.9954412869454984E-003   4.5093368852454199E-002   868.59699155701651        2.6879062059816783       -6.9713849214695506E-016   55.432255318099180        717.52431045542039     
  0.15650000000000006        6.1922545902316209E-003   4.9999999999999984E-003   6.1922545902316209E-003   4.5097668315302000E-002   868.59609224367318        2.6994552784930756        3.0525930465910636E-016   55.433057595623197        717.60310918071764     
  0.15650000000000000        6.3955285482445228E-003   4.9999999999999984E-003   6.3955285482445228E-003   4.5102140186817095E-002   868.59494992409464        2.7113190027836405        1.4693667274195333E-015   55.434085562775309        717.68757525942203     
  0.15649999999999992        6.6054752457488835E-003   4.9999999999999984E-003   6.6054752457488835E-003   4.5106712063345759E-002   868.59339808740083        2.7236105597488942        1.0826525495670701E-015   55.435423131488122        717.77764405583730     
  0.15650000000000003        6.8223137294753907E-003   5.0000000000000001E-003   6.8223137294753907E-003   4.5111450601950799E-002   868.59148658567858        2.7364749360927036        2.7425185700310173E-015   55.436966272593949        717.87303053060896     
  0.15650000000000000        7.0462702366619169E-003   5.0000000000000001E-003   7.0462702366619169E-003   4.5116459911474248E-002   868.58942543599869        2.7500646553100738        3.3848307301669558E-015   55.438553960275158        717.97330710160600     
  0.15650000000000000        7.2775784310969835E-003   4.9999999999999992E-003   7.2775784310969835E-003   4.5121712055884604E-002   868.58733029396228        2.7645796280969619        4.2593506182593232E-015   55.440146621019942        718.07751718225200     
  0.15650000000000000        7.5164796469114432E-003   5.0000000000000001E-003   7.5164796469114432E-003   4.5127067256408297E-002   868.58511800229599        2.7801200494730867        5.0651998823899697E-015   55.441875520336545        718.18513698405729     
  0.15650000000000003        7.7632231403732144E-003   4.9999999999999992E-003   7.7632231403732144E-003   4.5132422954745316E-002   868.58272445750617        2.7967166113691890        3.2545066643287499E-015   55.443835690252008        718.29576622176830     
  0.15650000000000006        8.0180663499474173E-003   4.9999999999999992E-003   8.0180663499474173E-003   4.5137884321426278E-002   868.58025148574598        2.8142385998018735        2.5524856630610112E-015   55.445943889330294        718.41000129426686     
  0.15650000000000008        8.2812751648933935E-003   5.0000000000000001E-003   8.2812751648933935E-003   4.5143646279537382E-002   868.57784169253705        2.8325622437709566        2.3359433432274517E-015   55.448046104466833        718.52894979801783     
  0.15650000000000000        8.5531242026787319E-003   5.0000000000000001E-003   8.5531242026787319E-003   4.5149814254152772E-002   868.57538460982403        2.8515757975153369        2.3465148859693766E-015   55.450138747322057        718.65424380316983     
  0.15649999999999986        8.8338970954999815E-003   4.9999999999999975E-003   8.8338970954999815E-003   4.5156366313256070E-002   868.57268975846739        2.8712799487263134        4.1630254597466660E-016   55.452373475404706        718.78750070574904     
  0.15650000000000006        9.1238867862086827E-003   5.0000000000000010E-003   9.1238867862086827E-003   4.5163265158102255E-002   868.56964197735078        2.8918441210660184        4.9837981640201415E-016   55.454881762972192        718.92983277175369     
  0.15649999999999997        9.4233958339516987E-003   4.9999999999999975E-003   9.4233958339516987E-003   4.5170535167234814E-002   868.56625700585050        2.9135451295475279       -1.0178101199352352E-015   55.457684019692692        719.08189510213424     
  0.15650000000000000        9.7327367298446470E-003   5.0000000000000010E-003   9.7327367298446470E-003   4.5178218892360220E-002   868.56261278904537        2.9367298703359297       -3.6924821554624224E-015   55.460721951459249        719.24361187445606     
  0.15650000000000006        1.0052232223007754E-002   5.0000000000000010E-003   1.0052232223007754E-002   4.5186345959354626E-002   868.55875262478537        2.9616257972305480       -4.5040962032369809E-015   55.463959494122932        719.41498962360333     
  0.15649999999999997        1.0382215657304366E-002   4.9999999999999992E-003   1.0382215657304366E-002   4.5194928301546887E-002   868.55461424145778        2.9882516208769774       -8.2569207265496754E-015   55.467424679979786        719.59658465769746     
  0.15650000000000006        1.0723031319133495E-002   4.9999999999999992E-003   1.0723031319133495E-002   4.5204012362454429E-002   868.55019518007668        3.0164987085225756       -6.6598797380605244E-015   55.471133258328024        719.78934390543429     
  0.15650000000000003        1.1075034796639106E-002   4.9999999999999992E-003   1.1075034796639106E-002   4.5213648601391730E-002   868.54547230865626        3.0462936870137236       -8.8146062017895276E-015   55.475103814785065        719.99431561760719     
  0.15650000000000000        1.1438593350710978E-002   5.0000000000000001E-003   1.1438593350710978E-002   4.5223855034245121E-002   868.54036704092448        3.0776939425261749       -9.6625996239536657E-015   55.479414052439552        720.21279948010636     
  0.15650000000000003        1.1814086298164460E-002   5.0000000000000018E-003   1.1814086298164460E-002   4.5234640720731516E-002   868.53478121485500        3.1110588062718270       -1.0158054412015197E-014   55.484103433109020        720.44545728821117     
  0.15650000000000003        1.2201905407498468E-002   5.0000000000000001E-003   1.2201905407498468E-002   4.5246113333133622E-002   868.52877805978562        3.1467983736980085       -1.1087848215041141E-014   55.489136499791890        720.69354942395432     
  0.15649999999999994        1.2602455307645069E-002   5.0000000000000010E-003   1.2602455307645069E-002   4.5258394263644731E-002   868.52236716651407        3.1852467712872738       -1.1553968889625426E-014   55.494506074850378        720.95892276994721     
  0.15649999999999997        1.3016153910136809E-002   5.0000000000000001E-003   1.3016153910136809E-002   4.5271567487303654E-002   868.51552312552894        3.2266237760211602       -1.2495675869618603E-014   55.500273658990821        721.24372169037235     
  0.15649999999999997        1.3443432845132393E-002   4.9999999999999984E-003   1.3443432845132393E-002   4.5285697274732077E-002   868.50821206046214        3.2712010255882977       -1.1432045617914185E-014   55.506480172070532        721.54951110551053     
  0.15650000000000000        1.3884737911755683E-002   4.9999999999999992E-003   1.3884737911755683E-002   4.5300775959279241E-002   868.50027261583955        3.3194679967049452       -9.5655463555798523E-015   55.513189215444100        721.87700635248325     
  0.15649999999999997        1.4340529543217757E-002   5.0000000000000010E-003   1.4340529543217757E-002   4.5316856840783765E-002   868.49152655222508        3.3718877668496594       -9.2048621689394994E-015   55.520512208049801        722.22851826608382     
  0.15650000000000003        1.4811283287207265E-002   5.0000000000000001E-003   1.4811283287207265E-002   4.5334277603395444E-002   868.48204451985737        3.4286074698627349       -2.3592577888570431E-015   55.528500695563679        722.61011499310109     
  0.15650000000000003        1.5297490302050664E-002   5.0000000000000001E-003   1.5297490302050664E-002   4.5353446430008659E-002   868.47156238100183        3.4895689168814354        2.2106574415200762E-015   55.537324153167695        723.03052938683686     
  0.15650000000000003        1.5799657869159385E-002   4.9999999999999992E-003   1.5799657869159385E-002   4.5374607019813461E-002   868.45999842679259        3.5553315040972349        5.5247554943744722E-015   55.547111363240866        723.49535164979602     
  0.15650000000000003        1.6318309922299195E-002   5.0000000000000001E-003   1.6318309922299195E-002   4.5397706794175909E-002   868.44722300799151        3.6276027558987827        2.7650827368240597E-015   55.557862894830677        724.00378502146782     
  0.15650000000000000        1.6853987594233628E-002   5.0000000000000001E-003   1.6853987594233628E-002   4.5422774934601687E-002   868.43336004914886        3.7082198739047869        3.6388389404999855E-015   55.569593268012468        724.55652144788610     
  0.15650000000000003        1.7407249781311758E-002   4.9999999999999984E-003   1.7407249781311758E-002   4.5450354759409436E-002   868.41789924496379        3.7978489418271435        2.0699060227324786E-015   55.582561541145068        725.16565045082098     
  0.15650000000000000        1.7978673726589709E-002   4.9999999999999992E-003   1.7978673726589709E-002   4.5481335308840798E-002   868.40052908030077        3.8966429266554816        8.9770516423884984E-016   55.597205312341210        725.85113092236861     
  0.15649999999999997        1.8568855622094066E-002   4.9999999999999975E-003   1.8568855622094066E-002   4.5516236338840589E-002   868.38084281688373        4.0068051317099540       -7.1703631698006797E-016   55.613756200542497        726.62437406327660     
  0.15649999999999997        1.9178411230855428E-002   5.0000000000000018E-003   1.9178411230855428E-002   4.5555318692630825E-002   868.35876882779041        4.1324129203590703       -7.7041925819742565E-016   55.632347140083048        727.49139692394976     
  0.15650000000000003        1.9807976529361469E-002   5.0000000000000010E-003   1.9807976529361469E-002   4.5599692826684669E-002   868.33362895399796        4.2764194205912078        4.9388887123953648E-016   55.653493907002300        728.47682626769949     
  0.15649999999999997        2.0458208371099403E-002   5.0000000000000010E-003   2.0458208371099403E-002   4.5651289964931348E-002   868.30417349274285        4.4413797646105877       -5.7823657030230455E-016   55.678213627783926        729.62505023973495     
  0.15650000000000000        2.1129785171880612E-002   5.0000000000000001E-003   2.1129785171880612E-002   4.5711905338582423E-002   868.26946805713010        4.6346451673821250       -1.0723130235180754E-015   55.707323754440722        730.97581472631566     
  0.15650000000000006        2.1823407617661928E-002   5.0000000000000027E-003   2.1823407617661928E-002   4.5784179636561374E-002   868.22795678969385        4.8678824862942021       -2.0311637679224360E-015   55.742111357204465        732.58874271411196     
  0.15650000000000008        2.2539799395602366E-002   5.0000000000000001E-003   2.2539799395602366E-002   4.5873870141662165E-002   868.17625752190395        5.1558134248108214       -2.2398366056184089E-015   55.785319365561989        734.59284497785120     
  0.15650000000000003        2.3279707949118475E-002   4.9999999999999992E-003   2.3279707949118475E-002   4.5990067456150814E-002   868.10923455497505        5.5264992156565773       -2.8275229878041821E-015   55.841308642216674        737.19269556591462     
  0.15649999999999994        2.4043905257724905E-002   4.9999999999999984E-003   2.4043905257724905E-002   4.6147908361574175E-002   868.01782713381340        6.0319350516654149       -3.1871951291967872E-015   55.917395103545083        740.73069666671506     
  0.15649999999999997        2.4833188642475301E-002   4.9999999999999992E-003   2.4833188642475301E-002   4.6375364270730537E-002   867.88582665716058        6.7562626377677413       -3.0272386948379176E-015   56.026906224514434        745.83947402380863     
  0.15650000000000003        2.5648381597842641E-002   5.0000000000000001E-003   2.5648381597842641E-002   4.6717684471170154E-002   867.68650621465497        7.8412041671550963       -3.1023693915211957E-015   56.191319798318304        753.54975202060871     
  0.15649999999999994        2.6490334650907752E-002   4.9999999999999992E-003   2.6490334650907752E-002   4.7035029535771607E-002   867.50129368590422        8.8411369392486261       -3.3788248682392379E-015   56.342798412517304        760.71367599790972     
  0.15649999999999997        2.7359926248752012E-002   5.0000000000000001E-003   2.7359926248752012E-002   4.7106840404865631E-002   867.45943793793913        9.0641678495309126       -4.9627483508095842E-015   56.376841124121377        762.33542807627089     
  0.15650000000000006        2.8258063674980322E-002   4.9999999999999992E-003   2.8258063674980322E-002   4.7050602848679839E-002   867.49285030944429        8.8839523125812292       -5.3991180807373763E-015   56.349590645627451        761.05728439843949     
  0.15649999999999994        2.9185683996330369E-002   4.9999999999999984E-003   2.9185683996330369E-002   4.6784533918184733E-002   867.64914471575901        8.0439864545818640       -2.4080203526819495E-015   56.221276097124949        755.03032598614664     
  0.15649999999999997        3.0143755040356188E-002   4.9999999999999984E-003   3.0143755040356188E-002   4.6179736501993057E-002   868.00231311781204        6.1193636706429579        1.1606737692812087E-014   55.927894653369535        741.38075961574646     
  0.15650000000000000        3.1133276405205555E-002   4.9999999999999992E-003   3.1133276405205555E-002   4.5292243099755505E-002   868.52103887495014        3.2530988936645495        7.8462123562115315E-015   55.492950735055693        721.47790790450529     
  0.15650000000000003        3.2155280502545409E-002   5.0000000000000010E-003   3.2155280502545409E-002   4.4695783451464050E-002   868.87094223433269        1.3029825097818108       -7.0811143123560410E-016   55.196875098956589        708.17800651323057     
  0.15649999999999992        3.3210833634722506E-002   4.9999999999999975E-003   3.3210833634722506E-002   4.4442436113675154E-002   869.01794398456343       0.46950123757642576        8.0265863928735446E-016   55.070841353828065        702.55601712289354     
  0.15650000000000003        3.4301037107284639E-002   4.9999999999999992E-003   3.4301037107284639E-002   4.4346908980764009E-002   869.07301927982087       0.15466562936073180        3.5197250106832528E-015   55.023325276232704        700.44102816859231     
  0.15650000000000006        3.5427028378021301E-002   5.0000000000000010E-003   3.5427028378021301E-002   4.4314254732342247E-002   869.09180537591442        4.6993815701130287E-002   3.2265295923485648E-015   55.007087207691676        699.71871119945285     
  0.15650000000000000        3.6589982243723937E-002   4.9999999999999992E-003   3.6589982243723937E-002   4.4304018048137217E-002   869.09769050809791        1.3242751125953483E-002   2.4555572915918617E-016   55.001997601330629        699.49234725456188     
  0.15650000000000014        3.7791112065904388E-002   5.0000000000000001E-003   3.7791112065904388E-002   4.4301054514715298E-002   869.09939390875775        3.4743994424697362E-003  -2.0079363359265589E-015   55.000524251107962        699.42682141984255     
  0.15650000000000003        3.9031671036747879E-002   5.0000000000000010E-003   3.9031671036747879E-002   4.4300258435231187E-002   869.09985146214592        8.5121680337963313E-004   2.7252474145634471E-015   55.000128480371870        699.40922006590552     
  0.15650000000000003        4.0312953486625287E-002   5.0000000000000001E-003   4.0312953486625287E-002   4.4300059290206466E-002   869.09996592213986        1.9522452662125168E-004   4.2837227249628411E-015   55.000029475915966        699.40481699425141     
  0.15649999999999994        4.1636296234524570E-002   4.9999999999999992E-003   4.1636296234524570E-002   4.4300012760624431E-002   869.09999266558850        4.2003833759944980E-005  -1.6722767595942311E-015   55.000006343878233        699.40378823299397     
  0.15650000000000000        4.3003079982814496E-002   4.9999999999999975E-003   4.3003079982814496E-002   4.4300002581268261E-002   869.09999851635860        8.4941237368107641E-006   2.9363275530791101E-015   55.000001283254264        699.40356316936379     
  0.15650000000000003        4.4414730757792058E-002   5.0000000000000001E-003   4.4414730757792058E-002   4.4300000491576404E-002   869.09999971745651        1.6171414186848698E-006  -1.5727074695124908E-015   55.000000244378512        699.40351696675066     
  0.15650000000000003        4.5872721397519502E-002   5.0000000000000001E-003   4.5872721397519502E-002   4.4300000088266837E-002   869.09999994927045        2.9028699573784536E-007  -1.2650697303259279E-015   55.000000043876277        699.40350804967170     
  0.15649999999999992        4.7378573088501866E-002   4.9999999999999984E-003   4.7378573088501866E-002   4.4300000014962856E-002   869.09999999140268        4.9197368476568118E-008  -1.7740495553660821E-015   55.000000007435915        699.40350642896522     
  0.15650000000000006        4.8933856952808455E-002   4.9999999999999992E-003   4.8933856952808455E-002   4.4300000002397338E-002   869.09999999862509        7.8811754886239464E-009   8.7179245380436323E-016   55.000000001188937        699.40350615114301     
  0.15650000000000006        5.0540195687294238E-002   4.9999999999999992E-003   5.0540195687294238E-002   4.4300000000362716E-002   869.09999999979436        1.1943304922250390E-009  -8.7645368084028152E-016   55.000000000178176        699.40350610616736     
  0.15650000000000000        5.2199265256632058E-002   5.0000000000000001E-003   5.2199265256632058E-002   4.4300000000052214E-002   869.09999999997410        1.7139676370628728E-010  -1.3053296219280456E-015   55.000000000022062        699.40350609927998     
  0.15649999999999997        5.3912796641920627E-002   4.9999999999999984E-003   5.3912796641920627E-002   4.4300000000006182E-002   869.09999999999923        2.3032249697163814E-011   4.5199067168776392E-016   55.000000000000711        699.40350609828170     
  0.15650000000000003        5.5682577646694813E-002   5.0000000000000001E-003   5.5682577646694813E-002   4.4300000000000679E-002   869.10000000000275        3.0316903344895139E-012   1.7409575221490522E-015   54.999999999997129        699.40350609814925     
  0.15649999999999992        5.7510454762219831E-002   4.9999999999999992E-003   5.7510454762219831E-002   4.4300000000000353E-002   869.10000000000457        4.2126720147906783E-013  -9.9266515609649112E-016   54.999999999996270        699.40350609813322     
  0.15649999999999997        5.9398335094018241E-002   4.9999999999999975E-003   5.9398335094018241E-002   4.4299999999999777E-002   869.10000000000400       -7.8297281885414797E-015   5.9165069815654411E-016   54.999999999996533        699.40350609812742     
  0.15649999999999997        6.1348188351638092E-002   4.9999999999999992E-003   6.1348188351638092E-002   4.4300000000000207E-002   869.10000000000457       -1.6383806036886849E-013  -1.3213624036296725E-015   54.999999999995993        699.40350609812742     
  0.15650000000000000        6.3362048903738019E-002   5.0000000000000001E-003   6.3362048903738019E-002   4.4300000000000027E-002   869.10000000000423       -1.8956204474995675E-013  -1.6432227978713338E-014   54.999999999995872        699.40350609812299     
  0.15649999999999997        6.5442017900634961E-002   4.9999999999999975E-003   6.5442017900634961E-002   4.4299999999999749E-002   869.10000000000343       -2.7538834018242680E-014  -1.4121976594057309E-014   54.999999999996561        699.40350609812742     
  0.15649999999999994        6.7590265466527827E-002   4.9999999999999984E-003   6.7590265466527827E-002   4.4299999999999229E-002   869.10000000000321        4.0049093737254126E-013  -1.9182490205599902E-014   54.999999999997321        699.40350609812890     
  0.15650000000000000        6.9809032963684264E-002   4.9999999999999984E-003   6.9809032963684264E-002   4.4300000000000186E-002   869.10000000000480        3.1207063924795660E-013  -1.6678638336490330E-014   54.999999999995566        699.40350609812162     
  0.15650000000000000        7.2100635330953969E-002   5.0000000000000001E-003   7.2100635330953969E-002   4.4299999999999062E-002   869.10000000000321        2.3230168608127735E-013  -1.3015028497219044E-014   54.999999999997186        699.40350609812447     
  0.15650000000000000        7.4467463499047204E-002   5.0000000000000001E-003   7.4467463499047204E-002   4.4299999999998722E-002   869.10000000000321        6.0917487477930454E-013  -1.5078987843497582E-014   54.999999999997264        699.40350609812015     
  0.15650000000000006        7.6911986885099509E-002   5.0000000000000001E-003   7.6911986885099509E-002   4.4300000000000214E-002   869.10000000000491        8.0494957592718402E-013  -2.1314343174406582E-014   54.999999999995410        699.40350609812003     
  0.15650000000000000        7.9436755969123918E-002   5.0000000000000001E-003   7.9436755969123918E-002   4.4300000000000048E-002   869.10000000000480        8.0217992171979153E-013  -1.8049874002230574E-014   54.999999999995509        699.40350609811867     
  0.15650000000000003        8.2044404955040770E-002   5.0000000000000018E-003   8.2044404955040770E-002   4.4300000000000103E-002   869.10000000000502        8.2201643760018834E-013  -1.6133957787385020E-014   54.999999999995666        699.40350609812162     
  0.15650000000000000        8.4737654519059291E-002   4.9999999999999992E-003   8.4737654519059291E-002   4.4299999999999860E-002   869.10000000000434        6.0490979419886794E-013  -1.7942820863655951E-014   54.999999999996085        699.40350609812310     
  0.15650000000000003        8.7519314648280985E-002   4.9999999999999975E-003   8.7519314648280985E-002   4.4300000000000422E-002   869.10000000000491        1.0017813061096742E-013  -1.5442866918843078E-014   54.999999999995495        699.40350609812435     
  0.15650000000000008        9.0392287572483340E-002   5.0000000000000001E-003   9.0392287572483340E-002   4.4300000000000603E-002   869.10000000000480       -6.8407496371907184E-013  -1.2445234382860021E-014   54.999999999995616        699.40350609812890     
  0.15650000000000003        9.3359570792145880E-002   4.9999999999999984E-003   9.3359570792145880E-002   4.4300000000000450E-002   869.10000000000446       -1.3580414146166913E-012  -9.1482746807176984E-015   54.999999999995694        699.40350609812742     
  0.15650000000000008        9.6424260205875051E-002   5.0000000000000001E-003   9.6424260205875051E-002   4.4300000000000284E-002   869.10000000000491       -1.6603140869351804E-012  -2.6493585130548299E-015   54.999999999995786        699.40350609812594     
  0.15650000000000003        9.9589553340494158E-002   5.0000000000000010E-003   9.9589553340494158E-002   4.4300000000000034E-002   869.10000000000423       -1.7353733693528701E-012  -7.6420045441140973E-015   54.999999999995865        699.40350609812299     
  0.15649999999999994       0.10285875268716402        4.9999999999999984E-003  0.10285875268716402        4.4299999999998632E-002   869.10000000000309       -1.2916691611720124E-012   1.3882282223458834E-015   54.999999999997264        699.40350609811867     
  0.15650000000000006       0.10623526914702022        4.9999999999999992E-003  0.10623526914702022        4.4299999999998459E-002   869.10000000000309       -5.3414309410734834E-013  -3.1047327746688265E-015   54.999999999997137        699.40350609811435     
  0.15650000000000008       0.10972262558991688        5.0000000000000010E-003  0.10972262558991688        4.4299999999999930E-002   869.10000000000491       -7.2820689614302731E-014  -1.0102025996292528E-015   54.999999999995310        699.40350609811435     
  0.15649999999999997       0.11332446052999444        4.9999999999999984E-003  0.11332446052999444        4.4299999999998708E-002   869.10000000000286        6.5224372031385692E-013  -3.1222160900035081E-015   54.999999999997513        699.40350609812310     
  0.15649999999999994       0.11704453192190281        4.9999999999999975E-003  0.11704453192190281        4.4300000000000034E-002   869.10000000000412        1.4694445786206312E-012  -1.0138596841158442E-015   54.999999999996099        699.40350609812606     
  0.15650000000000008       0.12088672108164250        5.0000000000000001E-003  0.12088672108164250        4.4300000000000367E-002   869.10000000000480        1.4029536810112349E-012  -5.0087503602124457E-015   54.999999999995687        699.40350609812606     
  0.15650000000000000       0.12485503673611517        4.9999999999999975E-003  0.12485503673611517        4.4300000000000388E-002   869.10000000000446        7.2759484421687389E-013   3.5601107239128012E-016   54.999999999995765        699.40350609812731     
  0.15649999999999997       0.12895361920560594        5.0000000000000001E-003  0.12895361920560594        4.4300000000000388E-002   869.10000000000480       -4.3181069908692352E-013   2.7763864078320134E-015   54.999999999995538        699.40350609812447     
  0.15650000000000000       0.13318674472356368        4.9999999999999992E-003  0.13318674472356368        4.4299999999999957E-002   869.10000000000389       -1.0478054552459047E-012   2.6683129067492522E-015   54.999999999995843        699.40350609812151     
  0.15650000000000003       0.13755882989818649        5.0000000000000018E-003  0.13755882989818649        4.4299999999999069E-002   869.10000000000343       -4.7429137735460009E-013   1.5437758070325762E-015   54.999999999997293        699.40350609812594     
  0.15650000000000000       0.14207443632046479        5.0000000000000001E-003  0.14207443632046479        4.4299999999999673E-002   869.10000000000423        3.3280579734500956E-013   1.1167495262084358E-014   54.999999999996660        699.40350609812742     
  0.15649999999999997       0.14673827532349240        5.0000000000000010E-003  0.14673827532349240        4.4300000000000221E-002   869.10000000000491        3.2822643549208265E-013   3.1475220923761827E-015   54.999999999995637        699.40350609812310     
  0.15649999999999997       0.15155521289800986        5.0000000000000010E-003  0.15155521289800986        4.4299999999998729E-002   869.10000000000343        3.0813771876162716E-013   1.0425855851479221E-015   54.999999999997144        699.40350609811867     
  0.15650000000000000       0.15653027476930964        5.0000000000000001E-003  0.15653027476930964        4.4300000000000110E-002   869.10000000000457        3.9464813675603831E-013   5.8900616336871104E-015   54.999999999995886        699.40350609812447     
  0.15649999999999997       0.16166865164079766        4.9999999999999984E-003  0.16166865164079766        4.4300000000000186E-002   869.10000000000400        3.0802217304840914E-013   4.4178569779829238E-015   54.999999999995907        699.40350609812594     
  0.15649999999999997       0.16697570460968644        5.0000000000000001E-003  0.16697570460968644        4.4299999999999812E-002   869.10000000000321        4.1036580937593628E-013  -9.1883227327889164E-016   54.999999999996376        699.40350609812606     
  0.15650000000000000       0.17245697076046612        4.9999999999999984E-003  0.17245697076046612        4.4300000000000180E-002   869.10000000000457        4.9861718220710718E-013   1.1940317674544864E-015   54.999999999995566        699.40350609812151     
  0.15649999999999994       0.17811816894199048        4.9999999999999984E-003  0.17811816894199048        4.4300000000000304E-002   869.10000000000502       -5.1358050741750344E-013   2.6210960640068094E-015   54.999999999995303        699.40350609812015     
  0.15649999999999997       0.18396520573420655        5.0000000000000001E-003  0.18396520573420655        4.4300000000000034E-002   869.10000000000502       -1.4216815507320003E-012   1.6779252780768931E-015   54.999999999995637        699.40350609812015     
  0.15650000000000003       0.19000418161075264        5.0000000000000010E-003  0.19000418161075264        4.4299999999998931E-002   869.10000000000275       -6.5005319753960243E-013  -4.5949214699862437E-016   54.999999999997236        699.40350609812299     
  0.15649999999999994       0.19624139730385354        4.9999999999999992E-003  0.19624139730385354        4.4300000000000353E-002   869.10000000000457       -1.0475549660404410E-013  -2.0578111155524182E-016   54.999999999995694        699.40350609812583     
  0.15650000000000000       0.20268336037815537        5.0000000000000001E-003  0.20268336037815537        4.4299999999999604E-002   869.10000000000423       -6.8449064719643753E-013  -2.2609556830257406E-015   54.999999999996746        699.40350609812742     
  0.15649999999999997       0.20933679202035638        4.9999999999999984E-003  0.20933679202035638        4.4299999999999534E-002   869.10000000000286       -2.7563284654722472E-013  -4.7311845663495926E-016   54.999999999997172        699.40350609813174     
  0.15650000000000000       0.21620863405172122        4.9999999999999992E-003  0.21620863405172122        4.4300000000000138E-002   869.10000000000434        2.8159510236216203E-014  -5.5027273259230202E-016   54.999999999996312        699.40350609813038     
  0.15649999999999997       0.22330605617079083        4.9999999999999984E-003  0.22330605617079083        4.4299999999999312E-002   869.10000000000446        1.2522473777408580E-013  -3.1980492953040784E-015   54.999999999996994        699.40350609812594     
  0.15650000000000000       0.23063646343384828        4.9999999999999992E-003  0.23063646343384828        4.4300000000000186E-002   869.10000000000514       -5.7455625727635392E-013   2.0742538685402427E-015   54.999999999995445        699.40350609812003     
  0.15649999999999997       0.23820750398094392        5.0000000000000001E-003  0.23820750398094392        4.4300000000000263E-002   869.10000000000412       -2.5382817877120521E-012   1.3753126973439611E-015   54.999999999996270        699.40350609813186     
  0.15650000000000000       0.24602707701554011        5.0000000000000001E-003  0.24602707701554011        4.4299999999999083E-002   869.10000000000207       -1.4531900785621944E-012  -1.7168144966542734E-015   54.999999999998423        699.40350609814050     
