CFD number of cells: 148500
../files/M6Tw025_Stat.dat
x_est = 0.032658
C_f = 0.0061969
tau_w = 102.976
u_tau = 68.3655
0
190.053
680.674
1393.15
2280.5
3312.36
4467.69
5730.97
7090.28
8535.8
10059.3
11653
13310.3
15024.1
16787.8
18594.8
20438.2
22311.3
24206.7
26117.4
28036.1
29955.2
31867.4
33765.3
35641.5
37488.7
39299.8
41067.9
42786.5
44449.1
46049.8
47582.8
49043.2
50426.2
51727.4
52943.3
54070.7
55106.9
56049.8
56897.9
57650.3
58306.4
58866.1
59330.1
59699.2
59974.9
60159
60253.5
60261
60184.3
60026.4
59790.8
59480.9
59100.5
58653.4
58143.6
57575.1
56952.1
56278.3
55558
54794.8
53992.7
53155.5
52286.7
51389.9
50468.6
49526.2
48566
47590.9
46604.1
45608.3
44606.1
43599.9
42592
41584.4
40579.2
39577.9
38582.3
37593.8
36613.9
35643.8
34685.1
33739
32806.7
31889.4
30988.1
30103.8
29237.4
28389.3
27560.2
26750.5
25960.7
25191.2
24442.3
23714.3
23007.3
22321.3
21655.9
21010.5
20384.4
19776.6
19186.3
18612.8
18055.7
17515
16990.7
16482.9
15991.5
15516.2
15056
14609.4
14174.8
13751.4
13339.1
12938.4
12550.7
12177.4
11819.1
11475.2
11143.8
10823
10511.6
10209.5
9916.28
9631.32
9353.72
9083.66
8822.2
8569.61
8325.34
8088.08
7855.42
7624.66
7394.59
7166.24
6941.34
6720.99
6505.94
6296.59
6092.63
5893.57
5698.99
5507.81
5319.51
5134.82
4954.83
4780.14
4610.44
4444.84
4282.13
4121.77
3964.2
3809.26
3656.42
3506.07
3359.07
3215.97
3076.45
2940.68
2808.88
2680.76
2555.99
2434.9
2318.32
2206.24
2097.87
1992.61
1889.66
1788.65
1689.96
1594.47
1502.56
1413.79
1327.44
1243.07
1160.59
1080.44
1003.28
929.818
860.238
794.248
731.719
672.711
617.268
565.446
517.19
472.344
430.55
391.527
355.261
321.502
289.902
260.48
233.485
209.095
187.285
167.834
150.462
134.87
120.825
108.24
97.0273
86.9886
77.9189
69.7457
62.4326
55.933
50.1889
45.1779
40.8948
37.2467
34.1012
31.3367
28.8641
26.6437
24.6341
22.8113
21.1496
19.6219
18.2184
16.9421
15.8031
14.7902
13.8792
13.0665
12.3422
11.6899
11.1005
10.5672
10.0828
9.63916
9.22464
8.83906
8.48011
8.14694
7.83467
7.54269
7.26973
7.01893
6.78499
6.56479
6.35688
6.16169
5.97942
5.80776
5.64347
5.48727
5.34028
5.20051
5.06824
4.94219
4.82168
4.70732
4.59699
4.49188
4.39142
4.29512
4.20292
4.1142
4.02889
3.9475
3.86931
3.79387
3.72106
3.65093
3.5832
3.51839
3.45457
3.39434
3.33544
3.27842
3.22301
3.16929
3.11702
3.06678
3.01825
2.97053
2.92412
2.87945
2.83581
2.7929
2.75142
2.71094
2.67104
2.6324
2.59524
2.55859
2.52362
2.48915
2.45539
2.42278
2.39088
2.35957
2.32924
2.2996
2.2708
2.24262
2.21501
2.18842
2.1617
2.13513
2.10939
2.08365
2.05785
2.03302
2.00838
1.98404
1.96017
1.93632
1.91288
1.88961
1.86648
1.84376
1.82115
1.79889
1.77698
1.7552
1.73367
1.71223
1.6912
1.67037
1.65008
1.62963
1.60973
1.59037
1.57089
1.55196
1.53298
1.51459
1.49645
