   1.1580703625458266E-006
   2.3297049070513997E-006
   3.5150562843366594E-006
   4.7142787137982812E-006
   5.9275279958999060E-006
   7.1549615246693007E-006
   8.3967383002030211E-006
   9.6530189411673235E-006
   1.0923965697298788E-005
   1.2209742461900318E-005
   1.3510514784327920E-005
   1.4826449882463310E-005
   1.6157716655175001E-005
   1.7504485694756000E-005
   1.8866929299341860E-005
   2.0245221485299614E-005
   2.1639537999588375E-005
   2.3050056332083324E-005
   2.4476955727862415E-005
   2.5920417199449242E-005
   2.7380623539009985E-005
   2.8857759330495235E-005
   3.0352010961731011E-005
   3.1863566636442807E-005
   3.3392616386217290E-005
   3.4939352082393268E-005
   3.6503967447873609E-005
   3.8086658068859422E-005
   3.9687621406496309E-005
   4.1307056808428143E-005
   4.2945165520253356E-005
   4.4602150696877853E-005
   4.6278217413761100E-005
   4.7973572678040477E-005
   4.9688425439541793E-005
   5.1422986601656827E-005
   5.3177469032086861E-005
   5.4952087573448295E-005
   5.6747059053726052E-005
   5.8562602296575860E-005
   6.0398938131463572E-005
   6.2256289403633458E-005
   6.4134880983901451E-005
   6.6034939778266354E-005
   6.7956694737322641E-005
   6.9900376865482538E-005
   7.1866219229979825E-005
   7.3854456969666386E-005
   7.5865327303578195E-005
   7.7899069539269953E-005
   7.9955925080907631E-005
   8.2036137437109326E-005
   8.4139952228525416E-005
   8.6267617195150760E-005
   8.8419382203354233E-005
   9.0595499252623085E-005
   9.2796222482005025E-005
   9.5021808176243589E-005
   9.7272514771592878E-005
   9.9548602861302372E-005
   1.0185033520076108E-004
   1.0417797671229125E-004
   1.0653179448957936E-004
   1.0891205780172996E-004
   1.1131903809693972E-004
   1.1375300900576881E-004
   1.1621424634400725E-004
   1.1870302811511815E-004
   1.2121963451224729E-004
   1.2376434791978768E-004
   1.2633745291448634E-004
   1.2893923626607602E-004
   1.3156998693742569E-004
   1.3422999608419042E-004
   1.3691955705395144E-004
   1.3963896538482965E-004
   1.4238851880355949E-004
   1.4516851722300964E-004
   1.4797926273913567E-004
   1.5082105962735035E-004
   1.5369421433829585E-004
   1.5659903549300450E-004
   1.5953583387743063E-004
   1.6250492243634039E-004
   1.6550661626654368E-004
   1.6854123260944931E-004
   1.7160909084293154E-004
   1.7471051247249048E-004
   1.7784582112168802E-004
   1.8101534252184468E-004
   1.8421940450098116E-004
   1.8745833697198433E-004
   1.9073247191998602E-004
   1.9404214338893200E-004
   1.9738768746732646E-004
   2.0076944227313202E-004
   2.0418774793781394E-004
   2.0764294658949981E-004
   2.1113538233524749E-004
   2.1466540124239562E-004
   2.1823335131898125E-004
   2.2183958249320673E-004
   2.2548444659193539E-004
   2.2916829731819746E-004
   2.3289149022768951E-004
   2.3665438270424656E-004
   2.4045733393426464E-004
   2.4430070488006423E-004
   2.4818485825216290E-004
   2.5211015848044811E-004
   2.5607697168422434E-004
   2.6008566564111922E-004
   2.6413660975482426E-004
   2.6823017502165770E-004
   2.7236673399592346E-004
   2.7654666075404758E-004
   2.8077033085747907E-004
   2.8503812131432397E-004
   2.8935041053970592E-004
   2.9370757831482245E-004
   2.9811000574468731E-004
   3.0255807521453005E-004
   3.0705217034484244E-004
   3.1159267594504556E-004
   3.1617997796576310E-004
   3.2081446344967983E-004
   3.2549652048096479E-004
   3.3022653813324666E-004
   3.3500490641611536E-004
   3.3983201622013627E-004
   3.4470825926035889E-004
   3.4963402801829784E-004
   3.5460971568237776E-004
   3.5963571608681346E-004
   3.6471242364891722E-004
   3.6984023330481272E-004
   3.7501954044354190E-004
   3.8025074083954319E-004
   3.8553423058349423E-004
   3.9087040601149637E-004
   3.9625966363258995E-004
   4.0170240005458699E-004
   4.0719901190820550E-004
   4.1274989576949321E-004
   4.1835544808052676E-004
   4.2401606506837884E-004
   4.2973214266233539E-004
   4.3550407640935781E-004
   4.4133226138777553E-004
   4.4721709211920498E-004
   4.5315896247867938E-004
   4.5915826560298680E-004
   4.6521539379720919E-004
   4.7133073843944924E-004
   4.7750468988375208E-004
   4.8373763736120302E-004
   4.9002996887920918E-004
   4.9638207111895357E-004
   5.0279432933102847E-004
   5.0926712722923798E-004
   5.1580084688257629E-004
   5.2239586860538265E-004
   5.2905257084567142E-004
   5.3577133007164557E-004
   5.4255252065639394E-004
   5.4939651476078354E-004
   5.5630368221454708E-004
   5.6327439039557904E-004
   5.7030900410745360E-004
   5.7740788545516345E-004
   5.8457139371910266E-004
   5.9179988522730861E-004
   5.9909371322596481E-004
   6.0645322774820047E-004
   6.1387877548118664E-004
   6.2137069963156297E-004
   6.2892933978920965E-004
   6.3655503178938907E-004
   6.4424810757327769E-004
   6.5200889504692724E-004
   6.5983771793866667E-004
   6.6773489565498628E-004
   6.7570074313493271E-004
   6.8373557070304275E-004
   6.9183968392086685E-004
   7.0001338343709206E-004
   7.0825696483633657E-004
   7.1657071848662786E-004
   7.2495492938562682E-004
   7.3340987700562781E-004
   7.4193583513739694E-004
   7.5053307173287892E-004
   7.5920184874684270E-004
   7.6794242197750239E-004
   7.7675504090617652E-004
   7.8563994853603810E-004
   7.9459738123002332E-004
   8.0362756854794235E-004
   8.1273073308287815E-004
   8.2190709029691424E-004
   8.3115684835628029E-004
   8.4048020796596748E-004
   8.4987736220389532E-004
   8.5934849635470345E-004
   8.6889378774323255E-004
   8.7851340556779065E-004
   8.8820751073326331E-004
   8.9797625568416783E-004
   9.0781978423772460E-004
   9.1773823141703210E-004
   9.2773172328444145E-004
   9.3780037677520633E-004
   9.4794429953151281E-004
   9.5816358973697707E-004
   9.6845833595170694E-004
   9.7882861694802408E-004
   9.8927450154694531E-004
   9.9979604845553262E-004
   1.0103933061051970E-003
   1.0210663124910803E-003
   1.0318150950126075E-003
   1.0426396703153218E-003
   1.0535400441341119E-003
   1.0645162111379439E-003
   1.0755681547762019E-003
   1.0866958471267630E-003
   1.0978992487459119E-003
   1.1091783085202124E-003
   1.1205329635204555E-003
   1.1319631388578034E-003
   1.1434687475422407E-003
   1.1550496903434643E-003
   1.1667058556543181E-003
   1.1784371193569077E-003
   1.1902433446915116E-003
   1.2021243821284037E-003
   1.2140800692427250E-003
   1.2261102305925131E-003
   1.2382146776000202E-003
   1.2503932084364474E-003
   1.2626456079101978E-003
   1.2749716473588028E-003
   1.2873710845446142E-003
   1.2998436635544045E-003
   1.3123891147029845E-003
   1.3250071544409704E-003
   1.3376974852668071E-003
   1.3504597956431788E-003
   1.3632937599179205E-003
   1.3761990382495425E-003
   1.3891752765374916E-003
   1.4022221063572568E-003
   1.4153391449004355E-003
   1.4285259949198645E-003
   1.4417822446799373E-003
   1.4551074679121940E-003
   1.4685012237763099E-003
   1.4819630568265690E-003
   1.4954924969839268E-003
   1.5090890595137597E-003
   1.5227522450093969E-003
   1.5364815393815170E-003
   1.5502764138535113E-003
   1.5641363249628798E-003
   1.5780607145687606E-003
   1.5920490098656533E-003
   1.6061006234034255E-003
   1.6202149531136568E-003
   1.6343913823424012E-003
   1.6486292798894189E-003
   1.6629280000539422E-003
   1.6772868826870264E-003
   1.6917052532505333E-003
   1.7061824228827998E-003
   1.7207176884710155E-003
   1.7353103327303631E-003
   1.7499596242899391E-003
   1.7646648177854862E-003
   1.7794251539589502E-003
   1.7942398597648893E-003
   1.8091081484837292E-003
   1.8240292198418832E-003
   1.8390022601387239E-003
   1.8540264423804089E-003
   1.8691009264205454E-003
   1.8842248591076697E-003
   1.8993973744395273E-003
   1.9146175937241211E-003
   1.9298846257474885E-003
   1.9451975669481699E-003
   1.9605555015983246E-003
   1.9759575019914345E-003
   1.9914026286365428E-003
   2.0068899304589625E-003
   2.0224184450073810E-003
   2.0379871986672903E-003
   2.0535952068806546E-003
   2.0692414743717340E-003
   2.0849249953789652E-003
   2.1006447538928063E-003
   2.1163997238994323E-003
   2.1321888696301809E-003
   2.1480111458166244E-003
   2.1638654979511517E-003
   2.1797508625529291E-003
   2.1956661674391140E-003
   2.2116103320011767E-003
   2.2275822674861960E-003
   2.2435808772829726E-003
   2.2596050572128179E-003
   2.2756536958248529E-003
   2.2917256746956610E-003
   2.3078198687331276E-003
   2.3239351464842952E-003
   2.3400703704470611E-003
   2.3562243973855412E-003
   2.3723960786489122E-003
   2.3885842604935547E-003
   2.4047877844083024E-003
   2.4210054874426071E-003
   2.4372362025374223E-003
   2.4534787588586151E-003
   2.4697319821326926E-003
   2.4859946949846510E-003
   2.5022657172777381E-003
   2.5185438664549189E-003
   2.5348279578818393E-003
   2.5511168051910765E-003
   2.5674092206274608E-003
   2.5837040153942584E-003
   2.5999999999999999E-003
 x_est    3.2657994805760447E-002
 Cf    6.1969015422429254E-003
 tau_w    33.600000000000001     
 u_tau    35.675303400633787     
 Finished plotting: ../files/f_vel_fluc_init.dat                      
 File written to ../files/vel_fluc_rms.dat                                                                                                                                                                               
 RMS collected
